           2
           1           2
 beds.txt                                          
 dips.txt                                          
           2
           1
 params.txt                                        
           7
              1000000
           1
           8
           4
   0.0000000000000000     
   50.000000000000000        100.00000000000000        150.00000000000000        200.00000000000000        250.00000000000000     
           2
           1
   5.0000000000000000     
   5.0000000000000000     
 errs_apt.txt                                      

